Facilities:
30.547 14.38
54.046 0.658
34.869 36.049
71.378 30.023
73.572 64.599
50.023 84.277
46.959 70.148
25.227 13.783
38.536 32.494
49.518 26.635
89.818 69.28
97.27 87.75
44.59 67.605
18.095 57.603
49.259 65.484
2.228 16.637
87.899 66.082
53.867 42.189
1.093 84.206
86.828 44.665
9.009 67.405
22.777 1.054
36.404 39.342
35.149 48.801
69.349 6.749
4.945 26.606
34.78 70.34
1.87 81.639
91.446 47.213
63.08 22.802
52.683 26.199
46.996 97.706
26.241 53.919
79.871 45.947
28.363 57.147
33.814 86.722
97.93 13.989
59.534 29.846
60.388 59.69
90.865 4.464
13.627 9.016
33.374 81.248
77.924 0.443
6.604 71.635
63.216 81.896
7.521 81.414
43.965 38.921
75.463 91.4
86.035 51.132
67.442 5.038
83.676 52.304
66.482 95.775
63.742 36.087
7.329 48.484
6.198 16.208
52.059 42.039
21.517 78.865
33.988 95.043
32.56 57.922
1.628 90.839
53.583 13.404
63.369 15.835
86.089 21.128
98.759 9.597
4.785 96.94
8.652 9.039
78.699 56.593
84.667 30.192
66.277 14.925
5.801 29.825
23.883 62.988
60.315 37.416
45.705 62.412
78.848 13.834
43.271 47.469
68.385 12.144
43.928 6.122
88.433 93.822
55.963 26.68
48.298 68.835
36.001 52.939
7.892 27.48
19.831 2.053
63.019 65.273
21.832 38.184
34.576 36.516
15.351 27.291
85.963 95.555
18.873 43.149
32.535 2.622
22.584 54.538
87.476 68.19
26.803 53.983
80.653 35.913
40.514 69.788
44.572 3.709
49.326 1.019
24.414 35.325
75.783 53.292
58.354 23.592
74.501 6.99
12.831 14.498
53.518 33.886
98.116 28.397
54.363 11.43
43.688 11.29
98.427 39.566
12.147 67.274
52.294 25.147
75.22 71.42
49.57 82.671
34.639 98.795
33.044 93.738
88.69 65.23
41.208 54.186
21.677 89.53
27.39 61.521
77.056 42.741
41.086 61.88
44.352 64.105
60.299 64.202
66.304 74.186
13.196 33.297
58.276 50.809
36.943 37.257
85.658 8.527
63.294 42.128
98.781 54.138
11.03 48.935
84.543 93.382
38.465 3.654
24.196 24.246
80.252 77.44
28.044 95.817
13.472 11.369
56.387 23.735
64.461 96.263
53.218 9.229
75.008 33.862
10.425 89.091
9.906 81.77
95.828 34.62
97.731 62.529
84.288 66.536
61.21 81.818
74.825 80.521
28.459 73.769
59.404 12.192
59.724 98.186
46.484 80.68
19.102 86.822
24.696 44.483
3.394 79.67
6.53 22.902
31.835 13.17
25.389 68.229
44.842 29.885
54.15 28.247
95.87 73.016
90.628 14.978
59.236 4.443
37.144 93.673
81.408 64.808
19.059 81.697
76.112 31.605
1.253 32.157
92.063 40.322
18.508 42.487
12.566 92.303
51.276 15.44
35.494 75.875
20.369 49.787
63.916 55.515
78.398 7.937
89.603 48.423
28.573 88.182
83.169 81.872
48.519 93.985
69.032 53.62
27.018 51.048
4.491 30.657
62.526 59.358
70.942 18.321
97.286 80.479
38.622 2.088
50.182 94.092
54.528 0.3
5.611 92.279
16.351 91.845
47.208 49.156
14.684 7.995
0.925 90.341
82.045 16.576
55.916 45.235
88.256 67.186
22.133 88.507
86.243 40.647
59.11 75.371
32.323 70.102
69.816 29.587
75.565 51.897
39.256 78.409
49.604 59.64
26.772 0.947
5.576 88.064
58.406 79.196
35.298 78.31
51.932 55.524
92.546 27.025
99.712 94.091
50.343 80.744
57.54 56.083
62.551 81.599
79.551 17.814
58.496 11.387
61.323 89.36
24.415 79.447
94.644 87.549
89.176 21.98
39.761 3.752
59.552 36.369
22.589 4.255
73.918 47.18
59.466 50.605
92.873 81.444
10.001 24.509
1.29 76.758
65.215 94.924
36.546 15.455
69.982 59.81
8.838 22.543
77.413 44.655
59.101 75.968
3.185 37.763
1.414 9.667
95.923 64.3
15.37 22.165
85.861 36.845
16.504 89.137
95.229 99.589
0.428 61.74
83.196 34.794
55.588 33.186
70.96 10.764
69.682 83.802
54.735 47.719
72.446 42.232
69.755 97.884
50.764 88.142
23.4 2.001
75.349 18.645
14.956 52.736
2.408 0.919
94.44 7.183
22.443 32.029
48.75 16.446
89.599 45.496
11.312 62.475
4.392 87.135
45.207 64.977
84.251 25.074
76.422 62.861
8.714 30.776
90.482 30.937
37.335 28.908
29.515 69.75
68.438 52.303
34.333 10.004
84.915 95.177
64.778 31.449
33.813 79.907
65.942 51.441
50.87 65.633
32.234 57.32
86.219 69.25
13.415 89.741
98.275 23.903
88.6 58.528
30.684 67.779
21.05 54.857
93.296 39.854
36.014 20.836
68.223 91.866
25.427 66.898
93.081 74.264
94.403 79.036
84.404 66.932
70.631 85.312
27.261 92.593
89.901 4.504
4.837 29.974
81.959 41.517
18.487 5.65
33.076 77.364
14.564 73.365
5.399 95.251
70.697 38.036
27.612 92.729
14.996 70.53
33.51 15.68
50.544 35.584
83.255 21.053
62.199 32.77
11.854 35.331
35.814 28.121
95.485 74.303
14.263 48.435
85.024 71.829
31.393 1.623
58.246 37.475
33.318 11.041
65.583 87.274
56.897 47.707
39.226 38.697
19.465 86.466
86.652 96.073
55.944 52.01
22.099 2.897
68.016 95.763
22.726 5.425
78.31 39.965
99.389 21.491
79.15 51.584
64.508 89.831
81.862 27.148
76.666 92.592
15.128 40.165
16.456 11.718
23.755 43.094
52.961 81.126
12.98 72.499
64.638 89.225
47.204 17.351
42.769 94.788
24.435 97.263
91.195 31.619
69.424 77.148
99.406 86.475
7.524 62.846
47.008 20.796
13.858 52.463
78.144 27.098
70.261 38.903
11.671 41.836
94.192 10.783
51.776 69.533
85.911 33.278
43.762 95.512
76.062 28.757
69.92 93.231
42.897 54.919
4.084 70.276
16.23 63.877
73.191 57.027
80.231 26.994
94.477 86.756
78.01 44.35
34.97 6.867
37.256 40.579
77.802 31.002
31.256 70.661
41.934 79.561
88.586 35.921
48.52 40.37
81.511 78.203
29.509 40.585
70.659 72.357
9.258 99.317
25.373 83.102
36.736 96.22
81.386 78.361
1.381 72.884
65.892 53.301
27.309 40.139
53.206 29.709
82.04 28.444
90.863 31.142
35.732 69.457
2.282 67.058
27.654 83.737
79.507 90.141
18.813 92.38
80.732 60.744
46.116 3.875
90.704 29.802
3.94 68.046
62.203 0.965
65.779 64.795
69.791 30.109
31.3 71.012
25.463 89.521
10.008 42.502
4.408 72.001
31.384 87.176
99.391 19.956
99.456 89.427
96.534 61.64
94.271 81.227
38.926 49.294
40.506 17.091
44.186 50.531
9.594 4.358
58.575 50.007
56.897 30.03
81.804 1.402
81.155 56.962
92.69 71.32
30.79 32.351
97.299 11.3
16.806 38.511
Clients:
63.546 62.113 0
67.844 75.198 0
60.317 66.74 0
62.128 58.031 0
66.709 69.294 0
67.321 60.937 0
63.717 71.36 0
67.165 73.657 0
73.807 75.251 0
63.39 58.551 0
35.059 79.654 1
36.115 79.49 1
36.996 77.318 1
38.726 74.848 1
40.148 72.045 1
42.53 68.219 1
38.693 75.706 1
35.854 78.16 1
39.302 74.956 1
40.608 71.941 1
55.7 68.555 2
65.636 55.351 2
78.585 51.239 2
70.664 57.382 2
66.469 55.5 2
70.528 52.795 2
79.51 59.308 2
60.407 62.373 2
61.855 53.959 2
75.535 47.935 2
71.322 89.933 3
68.862 81.78 3
69.529 86.138 3
61.273 86.669 3
67.757 90.466 3
65.198 88.418 3
63.982 82.392 3
77.579 88.364 3
64.051 92.328 3
73.338 97.034 3
51.625 41.991 4
55.761 53.465 4
59.671 58.985 4
58.605 60.23 4
55.652 49.846 4
57.447 54.887 4
55.533 52.968 4
54.536 49.683 4
56.642 51.035 4
55.065 49.932 4
26.81 71.484 5
14.087 57.814 5
25.145 62.243 5
19.167 60.679 5
11.843 69.838 5
14.74 65.056 5
18.004 64.054 5
17.386 62.441 5
28.952 74.505 5
19.633 68.866 5
93.238 89.037 6
105.21 96.818 6
97.713 96.005 6
101.484 86.16 6
97.88 87.131 6
102.552 87.743 6
104.65 91.647 6
96.704 103.595 6
98.01 95.812 6
99.779 92.357 6
12.736 51.423 7
16.589 44.023 7
16.655 38.734 7
25.368 45.016 7
9.555 54.365 7
15.072 49.561 7
11.878 44.84 7
14.227 44.508 7
26.751 44.742 7
12.453 50.155 7
93.084 94.923 8
84.942 87.825 8
93.276 94.358 8
90.477 97.612 8
97.755 98.522 8
88.544 96.71 8
95.542 84.257 8
82.012 99.644 8
88.737 98.624 8
93.416 96.745 8
42.715 19.282 9
28.448 9.553 9
37.431 9.419 9
33.295 9.402 9
35.389 18.16 9
35.279 13.62 9
15.835 5.958 9
28.331 10.606 9
30.511 10.419 9
35.976 9.401 9
93.21 73.126 10
90.099 67.373 10
89.494 74.39 10
89.716 65.221 10
95.986 74.64 10
89.854 76.852 10
92.227 71.727 10
81.422 72.315 10
90.297 66.308 10
100.328 71.587 10
88.943 32.377 11
80.164 31.51 11
86.67 33.957 11
86.042 38.532 11
88.607 36.384 11
87.468 37.789 11
80.347 41.943 11
82.74 35.733 11
87.559 31.985 11
75.526 43.032 11
36.194 73.154 12
33.303 74.672 12
35.808 65.451 12
54.751 69.833 12
40.631 74.572 12
31.819 72.196 12
31.107 63.768 12
43.28 70.338 12
45.627 69.49 12
25.54 66.89 12
33.319 24.768 13
41.998 28.891 13
37.513 26.116 13
35.478 30.285 13
38.217 26.913 13
41.174 30.293 13
36.946 28.415 13
40.224 29.543 13
39.37 25.742 13
42.099 28.628 13
101.156 7.83 14
96.925 4.189 14
101.798 10.488 14
99.651 -0.292 14
98.31 2.22 14
99.842 4.815 14
96.476 -1.6 14
101.355 10.019 14
99.023 8.186 14
99.145 6.719 14
38.015 7.699 15
26.687 5.181 15
31.467 6.727 15
34.598 4.68 15
36.208 8.961 15
37.09 5.018 15
37.928 1.345 15
35.549 5.591 15
31.539 6.211 15
27.02 11.293 15
# group 0
# covariance matrix: [[24.476, 9.376], [9.376, 39.999]]
# center: [64.189, 68.16]
# clients: 10
# group 1
# covariance matrix: [[9.518, -12.912], [-12.912, 18.279]]
# center: [38.543, 75.126]
# clients: 10
# group 2
# covariance matrix: [[44.358, -3.584], [-3.584, 24.853]]
# center: [69.967, 54.441]
# clients: 10
# group 3
# covariance matrix: [[25.771, 1.416], [1.416, 27.55]]
# center: [66.516, 89.357]
# clients: 10
# group 4
# covariance matrix: [[3.6, 8.104], [8.104, 20.389]]
# center: [57.236, 55.026]
# clients: 10
# group 5
# covariance matrix: [[28.366, -1.189], [-1.189, 34.719]]
# center: [16.686, 64.234]
# clients: 10
# group 6
# covariance matrix: [[24.941, -15.433], [-15.433, 37.055]]
# center: [99.045, 92.569]
# clients: 10
# group 7
# covariance matrix: [[30.609, -6.378], [-6.378, 17.027]]
# center: [14.961, 47.173]
# clients: 10
# group 8
# covariance matrix: [[37.748, -5.7], [-5.7, 14.462]]
# center: [90.236, 96.325]
# clients: 10
# group 9
# covariance matrix: [[20.048, 3.461], [3.461, 16.447]]
# center: [32.096, 11.491]
# clients: 10
# group 10
# covariance matrix: [[42.368, -3.169], [-3.169, 26.84]]
# center: [91.68, 71.33]
# clients: 10
# group 11
# covariance matrix: [[16.928, -8.081], [-8.081, 15.666]]
# center: [85.275, 35.227]
# clients: 10
# group 12
# covariance matrix: [[44.264, 4.004], [4.004, 19.462]]
# center: [37.838, 70.073]
# clients: 10
# group 13
# covariance matrix: [[18.949, 6.728], [6.728, 14.177]]
# center: [38.137, 26.944]
# clients: 10
# group 14
# covariance matrix: [[4.732, -2.251], [-2.251, 20.295]]
# center: [99.804, 7.8]
# clients: 10
# group 15
# covariance matrix: [[26.484, -0.41], [-0.41, 10.556]]
# center: [33.981, 7.448]
# clients: 10
